9957
911667723
177,66
JASMIM APARECIDA MARCOLINO
079952748
-----------------------------------------------
9957
911107049
518,77
FERNANDO EUGENIO TOME
079880729
-----------------------------------------------
9957
911492421
518,77
CARLA LEANDRA TORRES DA SILVA
076321337
-----------------------------------------------
9957
911751014
128,18
THAIS MALTA LEMOS
078771867
-----------------------------------------------
9957
911751740
128,18
THAIS MALTA LEMOS
078771867
-----------------------------------------------
9957
911995192
239,16
ANA KARINE DO CARMO DOS SANTOS
079720612
-----------------------------------------------
----------------- NUMEROS GUIAS -------------------
910956765
911667723
910308865
911705620
911856319
911858395
911859447
910170885
910460284
910708686
910833698
910918823
910957022
910965780
911107049
911108006
911175835
911175949
911178813
911277671
911290033
911291246
911310123
911312879
911314192
911444005
911492421
911513581
911598714
911618444
911634724
911634884
911661448
911662493
911662664
911666623
911668610
911748473
911749298
911751014
911751740
911755845
911909792
911909799
911967661
911975999
911979928
911987904
911991226
911995192
911997036
911997132
912054643
912055384
912060661
912060765
912063678
912066695
912070857
912071459
912093643
912100653
912106900
912138488
912138563
912190024
912244717
912272103
912275607
912275846
912283071
912300844
912301051
912301308
912302291
912302312
912302693
912316530
912344012
912344083
912345622
912345641
912350790
912353088
912357403
912361399
912361945
912366303
912369968
912371719
912374428
912379406
912380633
912392825
912404935
912408713
912427897
912491683
912493574
912498557
912505463
912509066
912523572
912526433
912527460
912527884
912557386
911290014
911405318
911493153
912204746
912344190
912531101
912532262
912533250
912535260
912535480
912536069
912539242
912541505
912545987
912546169
912547341
912553709
912556893
912556899
912557003
912557192
912557355
912561765
912566918
912576490
912578825
912584913
912599143
912599939
912608082
912608271
912636893
912637507
912637663
